1;arms_factory;1892.00;0.00;823.00;4.00;0
1;industrial_complex;1882.00;0.00;826.00;2.00;0
1;air_base;1892.00;0.00;831.00;3.00;0
1;bunker;1893.00;0.00;831.00;1.00;0
1;anti_air_building;1882.00;0.00;816.00;0.00;0
1;synthetic_refinery;1902.00;0.00;817.00;1.00;0
1;radar_station;1894.00;0.00;822.00;0.00;0
1;nuclear_reactor;1910.00;0.00;826.00;0.00;0
2;arms_factory;2322.00;0.00;609.00;4.00;0
2;industrial_complex;2318.00;0.00;627.00;3.00;0
2;air_base;2316.00;0.00;608.00;0.00;0
2;bunker;2315.00;0.00;615.00;-1.00;0
2;anti_air_building;2313.00;0.00;623.00;0.00;0
2;synthetic_refinery;2316.00;0.00;628.00;3.00;0
2;radar_station;2317.00;0.00;606.00;4.00;0
2;nuclear_reactor;2298.00;0.00;608.00;3.00;0
3;arms_factory;2580.00;0.00;850.00;1.00;0
3;industrial_complex;2596.00;0.00;866.00;-1.00;0
3;air_base;2577.00;0.00;853.00;4.00;0
3;bunker;2683.00;0.00;869.00;-1.00;0
3;anti_air_building;2592.00;0.00;907.00;1.00;0
3;synthetic_refinery;2603.00;0.00;869.00;-1.00;0
3;radar_station;2655.00;0.00;860.00;3.00;0
3;nuclear_reactor;2689.00;0.00;867.00;0.00;0
4;arms_factory;1819.00;0.00;926.00;-1.00;0
4;industrial_complex;1809.00;0.00;923.00;2.00;0
4;air_base;1812.00;0.00;924.00;0.00;0
4;bunker;1821.00;0.00;931.00;2.00;0
4;anti_air_building;1830.00;0.00;905.00;2.00;0
4;synthetic_refinery;1808.00;0.00;933.00;1.00;0
4;radar_station;1831.00;0.00;905.00;2.00;0
4;nuclear_reactor;1818.00;0.00;917.00;1.00;0
5;arms_factory;2626.00;0.00;638.00;-1.00;0
5;industrial_complex;2627.00;0.00;652.00;2.00;0
5;air_base;2628.00;0.00;640.00;3.00;0
5;bunker;2625.00;0.00;639.00;4.00;0
5;anti_air_building;2628.00;0.00;634.00;0.00;0
5;synthetic_refinery;2631.00;0.00;653.00;0.00;0
5;radar_station;2627.00;0.00;643.00;4.00;0
5;nuclear_reactor;2635.00;0.00;630.00;4.00;0
6;arms_factory;2130.00;0.00;729.00;4.00;0
6;industrial_complex;2142.00;0.00;738.00;-1.00;0
6;air_base;2135.00;0.00;735.00;0.00;0
6;bunker;2132.00;0.00;725.00;-1.00;0
6;anti_air_building;2090.00;0.00;744.00;4.00;0
6;synthetic_refinery;2097.00;0.00;748.00;3.00;0
6;radar_station;2122.00;0.00;741.00;3.00;0
6;nuclear_reactor;2127.00;0.00;724.00;-1.00;0
7;arms_factory;1693.00;0.00;1092.00;3.00;0
7;industrial_complex;1687.00;0.00;1110.00;4.00;0
7;air_base;1703.00;0.00;1092.00;-1.00;0
7;bunker;1649.00;0.00;1089.00;2.00;0
7;anti_air_building;1637.00;0.00;1102.00;4.00;0
7;synthetic_refinery;1658.00;0.00;1090.00;1.00;0
7;radar_station;1691.00;0.00;1091.00;2.00;0
7;nuclear_reactor;1696.00;0.00;1097.00;2.00;0
7;naval_base;1704.00;12.00;1118.00;1.00;1245
7;coastal_bunker;1624.00;11.00;1102.00;-1.00;0
7;dockyard;1624.00;13.00;1102.00;-1.00;0
8;arms_factory;1696.00;0.00;1168.00;2.00;0
8;industrial_complex;1638.00;0.00;1164.00;1.00;0
8;air_base;1665.00;0.00;1166.00;3.00;0
8;bunker;1706.00;0.00;1164.00;2.00;0
8;anti_air_building;1650.00;0.00;1149.00;3.00;0
8;synthetic_refinery;1649.00;0.00;1181.00;0.00;0
8;radar_station;1680.00;0.00;1138.00;4.00;0
8;nuclear_reactor;1667.00;0.00;1173.00;2.00;0
8;naval_base;1699.00;10.00;1124.00;4.00;1777
8;coastal_bunker;1699.00;9.00;1124.00;2.00;0
8;dockyard;1613.00;12.00;1118.00;3.00;0
9;arms_factory;1798.00;0.00;933.00;3.00;0
9;industrial_complex;1803.00;0.00;915.00;0.00;0
9;air_base;1801.00;0.00;915.00;1.00;0
9;bunker;1804.00;0.00;919.00;4.00;0
9;anti_air_building;1804.00;0.00;935.00;4.00;0
9;synthetic_refinery;1802.00;0.00;920.00;2.00;0
9;radar_station;1804.00;0.00;917.00;0.00;0
9;nuclear_reactor;1794.00;0.00;927.00;2.00;0
10;arms_factory;1710.00;0.00;949.00;3.00;0
10;industrial_complex;1704.00;0.00;957.00;2.00;0
10;air_base;1718.00;0.00;930.00;1.00;0
10;bunker;1710.00;0.00;944.00;2.00;0
10;anti_air_building;1715.00;0.00;940.00;-1.00;0
10;synthetic_refinery;1706.00;0.00;951.00;3.00;0
10;radar_station;1711.00;0.00;947.00;3.00;0
10;nuclear_reactor;1708.00;0.00;947.00;2.00;0
10;naval_base;1709.00;11.00;934.00;1.00;1089
10;coastal_bunker;1707.00;9.00;948.00;-1.00;0
10;dockyard;1709.00;14.00;934.00;4.00;0
11;arms_factory;1728.00;0.00;929.00;-1.00;0
11;industrial_complex;1728.00;0.00;923.00;2.00;0
11;air_base;1727.00;0.00;939.00;1.00;0
11;bunker;1725.00;0.00;923.00;-1.00;0
11;anti_air_building;1719.00;0.00;927.00;1.00;0
11;synthetic_refinery;1731.00;0.00;926.00;3.00;0
11;radar_station;1729.00;0.00;937.00;-1.00;0
11;nuclear_reactor;1732.00;0.00;921.00;2.00;0
11;naval_base;1725.00;12.00;921.00;4.00;2698
11;coastal_bunker;1725.00;9.00;921.00;1.00;0
11;dockyard;1716.00;14.00;926.00;4.00;0
12;arms_factory;1741.00;0.00;955.00;-1.00;0
12;industrial_complex;1733.00;0.00;970.00;4.00;0
12;air_base;1722.00;0.00;968.00;4.00;0
12;bunker;1740.00;0.00;951.00;-1.00;0
12;anti_air_building;1745.00;0.00;937.00;3.00;0
12;synthetic_refinery;1720.00;0.00;970.00;-1.00;0
12;radar_station;1739.00;0.00;965.00;1.00;0
12;nuclear_reactor;1725.00;0.00;970.00;1.00;0
12;naval_base;1718.00;10.00;970.00;0.00;2687
12;coastal_bunker;1718.00;12.00;969.00;2.00;0
12;dockyard;1718.00;9.00;970.00;-1.00;0
13;arms_factory;2417.00;0.00;657.00;-1.00;0
13;industrial_complex;2455.00;0.00;663.00;3.00;0
13;air_base;2432.00;0.00;680.00;3.00;0
13;bunker;2441.00;0.00;702.00;-1.00;0
13;anti_air_building;2434.00;0.00;682.00;-1.00;0
13;synthetic_refinery;2451.00;0.00;686.00;4.00;0
13;radar_station;2423.00;0.00;663.00;0.00;0
13;nuclear_reactor;2420.00;0.00;654.00;4.00;0
14;arms_factory;1809.00;0.00;868.00;3.00;0
14;industrial_complex;1832.00;0.00;894.00;1.00;0
14;air_base;1807.00;0.00;859.00;0.00;0
14;bunker;1799.00;0.00;886.00;1.00;0
14;anti_air_building;1808.00;0.00;860.00;4.00;0
14;synthetic_refinery;1835.00;0.00;887.00;1.00;0
14;radar_station;1811.00;0.00;890.00;-1.00;0
14;nuclear_reactor;1813.00;0.00;882.00;0.00;0
15;arms_factory;1970.00;0.00;679.00;3.00;0
15;industrial_complex;1957.00;0.00;695.00;3.00;0
15;air_base;1955.00;0.00;701.00;4.00;0
15;bunker;1964.00;0.00;676.00;0.00;0
15;anti_air_building;1971.00;0.00;694.00;2.00;0
15;synthetic_refinery;1965.00;0.00;697.00;2.00;0
15;radar_station;1976.00;0.00;690.00;0.00;0
15;nuclear_reactor;1979.00;0.00;681.00;3.00;0
15;naval_base;1955.00;10.00;699.00;2.00;2965
15;coastal_bunker;1957.00;14.00;683.00;2.00;0
15;dockyard;1950.00;13.00;708.00;4.00;0
16;arms_factory;1879.00;0.00;896.00;2.00;0
16;industrial_complex;1878.00;0.00;921.00;-1.00;0
16;air_base;1878.00;0.00;897.00;3.00;0
16;bunker;1875.00;0.00;920.00;2.00;0
16;anti_air_building;1871.00;0.00;902.00;3.00;0
16;synthetic_refinery;1885.00;0.00;919.00;3.00;0
16;radar_station;1881.00;0.00;908.00;4.00;0
16;nuclear_reactor;1873.00;0.00;899.00;3.00;0
17;arms_factory;2540.00;0.00;619.00;1.00;0
17;industrial_complex;2544.00;0.00;603.00;0.00;0
17;air_base;2543.00;0.00;626.00;-1.00;0
17;bunker;2541.00;0.00;623.00;2.00;0
17;anti_air_building;2548.00;0.00;613.00;4.00;0
17;synthetic_refinery;2568.00;0.00;614.00;2.00;0
17;radar_station;2566.00;0.00;611.00;3.00;0
17;nuclear_reactor;2542.00;0.00;619.00;2.00;0
18;arms_factory;2579.00;0.00;977.00;1.00;0
18;industrial_complex;2582.00;0.00;973.00;2.00;0
18;air_base;2569.00;0.00;981.00;4.00;0
18;bunker;2579.00;0.00;981.00;1.00;0
18;anti_air_building;2571.00;0.00;1001.00;-1.00;0
18;synthetic_refinery;2582.00;0.00;991.00;0.00;0
18;radar_station;2565.00;0.00;979.00;2.00;0
18;nuclear_reactor;2574.00;0.00;973.00;3.00;0
19;arms_factory;2575.00;0.00;594.00;0.00;0
19;industrial_complex;2551.00;0.00;591.00;4.00;0
19;air_base;2552.00;0.00;581.00;4.00;0
19;bunker;2550.00;0.00;580.00;2.00;0
19;anti_air_building;2544.00;0.00;592.00;1.00;0
19;synthetic_refinery;2546.00;0.00;595.00;3.00;0
19;radar_station;2569.00;0.00;590.00;-1.00;0
19;nuclear_reactor;2563.00;0.00;590.00;2.00;0
20;arms_factory;2483.00;0.00;628.00;3.00;0
20;industrial_complex;2518.00;0.00;643.00;1.00;0
20;air_base;2530.00;0.00;637.00;2.00;0
20;bunker;2523.00;0.00;616.00;1.00;0
20;anti_air_building;2509.00;0.00;667.00;2.00;0
20;synthetic_refinery;2486.00;0.00;633.00;4.00;0
20;radar_station;2469.00;0.00;638.00;2.00;0
20;nuclear_reactor;2485.00;0.00;667.00;4.00;0
21;arms_factory;2425.00;0.00;636.00;3.00;0
21;industrial_complex;2468.00;0.00;651.00;-1.00;0
21;air_base;2462.00;0.00;614.00;0.00;0
21;bunker;2445.00;0.00;642.00;-1.00;0
21;anti_air_building;2441.00;0.00;633.00;4.00;0
21;synthetic_refinery;2421.00;0.00;639.00;1.00;0
21;radar_station;2414.00;0.00;635.00;0.00;0
21;nuclear_reactor;2425.00;0.00;618.00;4.00;0
22;arms_factory;2582.00;0.00;828.00;-1.00;0
22;industrial_complex;2590.00;0.00;813.00;1.00;0
22;air_base;2577.00;0.00;814.00;1.00;0
22;bunker;2581.00;0.00;826.00;4.00;0
22;anti_air_building;2571.00;0.00;817.00;3.00;0
22;synthetic_refinery;2589.00;0.00;825.00;3.00;0
22;radar_station;2572.00;0.00;810.00;0.00;0
22;nuclear_reactor;2577.00;0.00;823.00;0.00;0
23;arms_factory;2537.00;0.00;740.00;-1.00;0
23;industrial_complex;2525.00;0.00;730.00;-1.00;0
23;air_base;2545.00;0.00;750.00;4.00;0
23;bunker;2553.00;0.00;745.00;2.00;0
23;anti_air_building;2536.00;0.00;750.00;0.00;0
23;synthetic_refinery;2522.00;0.00;754.00;0.00;0
23;radar_station;2545.00;0.00;751.00;2.00;0
23;nuclear_reactor;2535.00;0.00;748.00;4.00;0
24;arms_factory;2541.00;0.00;838.00;-1.00;0
24;industrial_complex;2548.00;0.00;813.00;4.00;0
24;air_base;2554.00;0.00;831.00;1.00;0
24;bunker;2553.00;0.00;826.00;1.00;0
24;anti_air_building;2559.00;0.00;799.00;3.00;0
24;synthetic_refinery;2553.00;0.00;820.00;4.00;0
24;radar_station;2538.00;0.00;806.00;2.00;0
24;nuclear_reactor;2564.00;0.00;820.00;-1.00;0
25;arms_factory;2547.00;0.00;708.00;-1.00;0
25;industrial_complex;2550.00;0.00;717.00;4.00;0
25;air_base;2559.00;0.00;709.00;-1.00;0
25;bunker;2553.00;0.00;708.00;0.00;0
25;anti_air_building;2547.00;0.00;716.00;3.00;0
25;synthetic_refinery;2550.00;0.00;712.00;-1.00;0
25;radar_station;2548.00;0.00;715.00;-1.00;0
25;nuclear_reactor;2558.00;0.00;722.00;0.00;0
26;arms_factory;2599.00;0.00;824.00;1.00;0
26;industrial_complex;2632.00;0.00;833.00;1.00;0
26;air_base;2600.00;0.00;819.00;4.00;0
26;bunker;2591.00;0.00;806.00;0.00;0
26;anti_air_building;2594.00;0.00;804.00;1.00;0
26;synthetic_refinery;2579.00;0.00;831.00;4.00;0
26;radar_station;2598.00;0.00;835.00;0.00;0
26;nuclear_reactor;2588.00;0.00;804.00;-1.00;0
27;arms_factory;2575.00;0.00;777.00;-1.00;0
27;industrial_complex;2563.00;0.00;775.00;1.00;0
27;air_base;2561.00;0.00;776.00;3.00;0
27;bunker;2603.00;0.00;791.00;-1.00;0
27;anti_air_building;2589.00;0.00;797.00;-1.00;0
27;synthetic_refinery;2583.00;0.00;802.00;3.00;0
27;radar_station;2607.00;0.00;768.00;2.00;0
27;nuclear_reactor;2609.00;0.00;768.00;-1.00;0
28;arms_factory;2491.00;0.00;742.00;4.00;0
28;industrial_complex;2462.00;0.00;768.00;1.00;0
28;air_base;2453.00;0.00;744.00;3.00;0
28;bunker;2489.00;0.00;757.00;4.00;0
28;anti_air_building;2473.00;0.00;750.00;1.00;0
28;synthetic_refinery;2507.00;0.00;718.00;-1.00;0
28;radar_station;2459.00;0.00;773.00;1.00;0
28;nuclear_reactor;2455.00;0.00;743.00;4.00;0
29;arms_factory;2485.00;0.00;574.00;0.00;0
29;industrial_complex;2484.00;0.00;537.00;-1.00;0
29;air_base;2500.00;0.00;590.00;1.00;0
29;bunker;2531.00;0.00;552.00;2.00;0
29;anti_air_building;2460.00;0.00;553.00;4.00;0
29;synthetic_refinery;2446.00;0.00;550.00;4.00;0
29;radar_station;2533.00;0.00;559.00;-1.00;0
29;nuclear_reactor;2513.00;0.00;576.00;1.00;0
30;arms_factory;2440.00;0.00;743.00;2.00;0
30;industrial_complex;2443.00;0.00;769.00;3.00;0
30;air_base;2425.00;0.00;753.00;1.00;0
30;bunker;2430.00;0.00;724.00;3.00;0
30;anti_air_building;2435.00;0.00;745.00;0.00;0
30;synthetic_refinery;2457.00;0.00;778.00;4.00;0
30;radar_station;2432.00;0.00;713.00;3.00;0
30;nuclear_reactor;2434.00;0.00;776.00;0.00;0
31;arms_factory;2493.00;0.00;788.00;2.00;0
31;industrial_complex;2509.00;0.00;785.00;1.00;0
31;air_base;2528.00;0.00;765.00;-1.00;0
31;bunker;2510.00;0.00;813.00;3.00;0
31;anti_air_building;2520.00;0.00;786.00;-1.00;0
31;synthetic_refinery;2520.00;0.00;764.00;3.00;0
31;radar_station;2531.00;0.00;764.00;4.00;0
31;nuclear_reactor;2500.00;0.00;777.00;-1.00;0
32;arms_factory;2437.00;0.00;801.00;0.00;0
32;industrial_complex;2451.00;0.00;824.00;1.00;0
32;air_base;2432.00;0.00;780.00;0.00;0
32;bunker;2454.00;0.00;810.00;1.00;0
32;anti_air_building;2444.00;0.00;824.00;-1.00;0
32;synthetic_refinery;2459.00;0.00;844.00;3.00;0
32;radar_station;2450.00;0.00;812.00;3.00;0
32;nuclear_reactor;2448.00;0.00;826.00;4.00;0
33;arms_factory;2469.00;0.00;780.00;1.00;0
33;industrial_complex;2475.00;0.00;798.00;2.00;0
33;air_base;2474.00;0.00;795.00;4.00;0
33;bunker;2468.00;0.00;809.00;3.00;0
33;anti_air_building;2485.00;0.00;786.00;-1.00;0
33;synthetic_refinery;2475.00;0.00;791.00;2.00;0
33;radar_station;2490.00;0.00;811.00;-1.00;0
33;nuclear_reactor;2487.00;0.00;812.00;3.00;0
34;arms_factory;2300.00;0.00;632.00;4.00;0
34;industrial_complex;2303.00;0.00;638.00;1.00;0
34;air_base;2309.00;0.00;637.00;3.00;0
34;bunker;2297.00;0.00;626.00;1.00;0
34;anti_air_building;2325.00;0.00;629.00;-1.00;0
34;synthetic_refinery;2299.00;0.00;631.00;4.00;0
34;radar_station;2368.00;0.00;636.00;3.00;0
34;nuclear_reactor;2320.00;0.00;627.00;2.00;0
35;arms_factory;2225.00;0.00;638.00;0.00;0
35;industrial_complex;2183.00;0.00;663.00;2.00;0
35;air_base;2189.00;0.00;664.00;3.00;0
35;bunker;2250.00;0.00;643.00;0.00;0
35;anti_air_building;2203.00;0.00;661.00;1.00;0
35;synthetic_refinery;2205.00;0.00;641.00;0.00;0
35;radar_station;2218.00;0.00;626.00;-1.00;0
35;nuclear_reactor;2214.00;0.00;644.00;-1.00;0
36;arms_factory;1682.00;0.00;1083.00;-1.00;0
36;industrial_complex;1662.00;0.00;1069.00;-1.00;0
36;air_base;1677.00;0.00;1060.00;0.00;0
36;bunker;1692.00;0.00;1075.00;4.00;0
36;anti_air_building;1686.00;0.00;1051.00;-1.00;0
36;synthetic_refinery;1660.00;0.00;1055.00;-1.00;0
36;radar_station;1672.00;0.00;1059.00;1.00;0
36;nuclear_reactor;1689.00;0.00;1078.00;3.00;0
36;naval_base;1643.00;9.00;1047.00;4.00;1944
36;coastal_bunker;1641.00;13.00;1056.00;4.00;0
36;dockyard;1641.00;10.00;1056.00;0.00;0
37;arms_factory;2261.00;0.00;626.00;-1.00;0
37;industrial_complex;2274.00;0.00;651.00;0.00;0
37;air_base;2273.00;0.00;629.00;3.00;0
37;bunker;2268.00;0.00;654.00;2.00;0
37;anti_air_building;2249.00;0.00;636.00;3.00;0
37;synthetic_refinery;2288.00;0.00;640.00;0.00;0
37;radar_station;2283.00;0.00;654.00;0.00;0
37;nuclear_reactor;2287.00;0.00;643.00;3.00;0
38;arms_factory;2411.00;0.00;601.00;2.00;0
38;industrial_complex;2410.00;0.00;569.00;1.00;0
38;air_base;2408.00;0.00;599.00;-1.00;0
38;bunker;2407.00;0.00;594.00;1.00;0
38;anti_air_building;2396.00;0.00;589.00;3.00;0
38;synthetic_refinery;2424.00;0.00;569.00;4.00;0
38;radar_station;2401.00;0.00;609.00;1.00;0
38;nuclear_reactor;2416.00;0.00;587.00;1.00;0
39;arms_factory;2275.00;0.00;728.00;-1.00;0
39;industrial_complex;2282.00;0.00;724.00;3.00;0
39;air_base;2236.00;0.00;739.00;-1.00;0
39;bunker;2265.00;0.00;712.00;3.00;0
39;anti_air_building;2286.00;0.00;749.00;0.00;0
39;synthetic_refinery;2270.00;0.00;755.00;4.00;0
39;radar_station;2270.00;0.00;713.00;3.00;0
39;nuclear_reactor;2306.00;0.00;715.00;0.00;0
40;arms_factory;2200.00;0.00;724.00;4.00;0
40;industrial_complex;2245.00;0.00;759.00;3.00;0
40;air_base;2188.00;0.00;729.00;3.00;0
40;bunker;2194.00;0.00;717.00;4.00;0
40;anti_air_building;2207.00;0.00;774.00;0.00;0
40;synthetic_refinery;2228.00;0.00;771.00;1.00;0
40;radar_station;2194.00;0.00;758.00;3.00;0
40;nuclear_reactor;2207.00;0.00;734.00;3.00;0
41;arms_factory;2244.00;0.00;612.00;2.00;0
41;industrial_complex;2220.00;0.00;603.00;3.00;0
41;air_base;2276.00;0.00;600.00;-1.00;0
41;bunker;2208.00;0.00;594.00;0.00;0
41;anti_air_building;2250.00;0.00;592.00;4.00;0
41;synthetic_refinery;2280.00;0.00;596.00;1.00;0
41;radar_station;2282.00;0.00;608.00;1.00;0
41;nuclear_reactor;2276.00;0.00;610.00;3.00;0
42;arms_factory;2722.00;0.00;900.00;3.00;0
42;industrial_complex;2682.00;0.00;938.00;4.00;0
42;air_base;2681.00;0.00;951.00;1.00;0
42;bunker;2663.00;0.00;942.00;2.00;0
42;anti_air_building;2730.00;0.00;933.00;-1.00;0
42;synthetic_refinery;2700.00;0.00;901.00;2.00;0
42;radar_station;2700.00;0.00;901.00;2.00;0
42;nuclear_reactor;2702.00;0.00;934.00;-1.00;0
43;arms_factory;2591.00;0.00;594.00;4.00;0
43;industrial_complex;2572.00;0.00;642.00;0.00;0
43;air_base;2583.00;0.00;625.00;-1.00;0
43;bunker;2563.00;0.00;660.00;4.00;0
43;anti_air_building;2595.00;0.00;645.00;1.00;0
43;synthetic_refinery;2583.00;0.00;598.00;2.00;0
43;radar_station;2566.00;0.00;651.00;0.00;0
43;nuclear_reactor;2597.00;0.00;636.00;3.00;0
44;arms_factory;2678.00;0.00;696.00;1.00;0
44;industrial_complex;2645.00;0.00;742.00;0.00;0
44;air_base;2680.00;0.00;696.00;3.00;0
44;bunker;2664.00;0.00;705.00;3.00;0
44;anti_air_building;2683.00;0.00;699.00;3.00;0
44;synthetic_refinery;2641.00;0.00;681.00;1.00;0
44;radar_station;2650.00;0.00;715.00;2.00;0
44;nuclear_reactor;2661.00;0.00;730.00;0.00;0
45;arms_factory;2209.00;0.00;630.00;2.00;0
45;industrial_complex;2162.00;0.00;636.00;2.00;0
45;air_base;2165.00;0.00;626.00;0.00;0
45;bunker;2169.00;0.00;636.00;-1.00;0
45;anti_air_building;2190.00;0.00;607.00;-1.00;0
45;synthetic_refinery;2201.00;0.00;648.00;3.00;0
45;radar_station;2175.00;0.00;647.00;-1.00;0
45;nuclear_reactor;2193.00;0.00;627.00;-1.00;0
45;naval_base;2147.00;13.00;602.00;4.00;1848
45;coastal_bunker;2147.00;12.00;602.00;0.00;0
45;dockyard;2133.00;13.00;615.00;2.00;0
46;arms_factory;2651.00;0.00;763.00;4.00;0
46;industrial_complex;2660.00;0.00;821.00;3.00;0
46;air_base;2664.00;0.00;763.00;1.00;0
46;bunker;2637.00;0.00;788.00;3.00;0
46;anti_air_building;2675.00;0.00;761.00;-1.00;0
46;synthetic_refinery;2662.00;0.00;822.00;-1.00;0
46;radar_station;2655.00;0.00;836.00;-1.00;0
46;nuclear_reactor;2666.00;0.00;829.00;4.00;0
47;arms_factory;1908.00;0.00;918.00;4.00;0
47;industrial_complex;1885.00;0.00;941.00;0.00;0
47;air_base;1914.00;0.00;900.00;2.00;0
47;bunker;1896.00;0.00;930.00;1.00;0
47;anti_air_building;1916.00;0.00;946.00;4.00;0
47;synthetic_refinery;1916.00;0.00;904.00;1.00;0
47;radar_station;1910.00;0.00;930.00;2.00;0
47;nuclear_reactor;1917.00;0.00;923.00;4.00;0
48;arms_factory;2538.00;0.00;943.00;2.00;0
48;industrial_complex;2536.00;0.00;948.00;2.00;0
48;air_base;2536.00;0.00;933.00;2.00;0
48;bunker;2554.00;0.00;943.00;0.00;0
48;anti_air_building;2524.00;0.00;936.00;3.00;0
48;synthetic_refinery;2583.00;0.00;957.00;3.00;0
48;radar_station;2564.00;0.00;946.00;1.00;0
48;nuclear_reactor;2519.00;0.00;944.00;4.00;0
49;arms_factory;1854.00;0.00;934.00;2.00;0
49;industrial_complex;1832.00;0.00;941.00;2.00;0
49;air_base;1847.00;0.00;952.00;1.00;0
49;bunker;1859.00;0.00;941.00;2.00;0
49;anti_air_building;1842.00;0.00;956.00;3.00;0
49;synthetic_refinery;1814.00;0.00;942.00;3.00;0
49;radar_station;1781.00;0.00;962.00;-1.00;0
49;nuclear_reactor;1797.00;0.00;952.00;3.00;0
50;arms_factory;1738.00;0.00;1107.00;3.00;0
50;industrial_complex;1718.00;0.00;1102.00;-1.00;0
50;air_base;1783.00;0.00;1117.00;0.00;0
50;bunker;1753.00;0.00;1114.00;-1.00;0
50;anti_air_building;1727.00;0.00;1123.00;3.00;0
50;synthetic_refinery;1761.00;0.00;1098.00;2.00;0
50;radar_station;1719.00;0.00;1140.00;0.00;0
50;nuclear_reactor;1773.00;0.00;1091.00;4.00;0
50;naval_base;1710.00;13.00;1116.00;4.00;1247
50;coastal_bunker;1712.00;13.00;1151.00;-1.00;0
50;dockyard;1712.00;14.00;1151.00;2.00;0
51;arms_factory;2568.00;0.00;713.00;-1.00;0
51;industrial_complex;2610.00;0.00;735.00;-1.00;0
51;air_base;2561.00;0.00;751.00;4.00;0
51;bunker;2587.00;0.00;713.00;0.00;0
51;anti_air_building;2566.00;0.00;734.00;-1.00;0
51;synthetic_refinery;2594.00;0.00;701.00;0.00;0
51;radar_station;2558.00;0.00;732.00;4.00;0
51;nuclear_reactor;2604.00;0.00;729.00;4.00;0
52;arms_factory;1940.00;0.00;932.00;4.00;0
52;industrial_complex;1939.00;0.00;912.00;2.00;0
52;air_base;1968.00;0.00;930.00;-1.00;0
52;bunker;1946.00;0.00;913.00;2.00;0
52;anti_air_building;1952.00;0.00;882.00;-1.00;0
52;synthetic_refinery;1935.00;0.00;914.00;1.00;0
52;radar_station;1931.00;0.00;914.00;1.00;0
52;nuclear_reactor;1954.00;0.00;903.00;3.00;0
53;arms_factory;2555.00;0.00;996.00;3.00;0
53;industrial_complex;2573.00;0.00;1071.00;0.00;0
53;air_base;2569.00;0.00;1054.00;1.00;0
53;bunker;2572.00;0.00;1027.00;-1.00;0
53;anti_air_building;2555.00;0.00;1042.00;1.00;0
53;synthetic_refinery;2562.00;0.00;1038.00;2.00;0
53;radar_station;2581.00;0.00;1015.00;0.00;0
53;nuclear_reactor;2571.00;0.00;1009.00;3.00;0
54;arms_factory;1772.00;0.00;1002.00;2.00;0
54;industrial_complex;1735.00;0.00;976.00;4.00;0
54;air_base;1726.00;0.00;986.00;-1.00;0
54;bunker;1740.00;0.00;998.00;4.00;0
54;anti_air_building;1734.00;0.00;995.00;4.00;0
54;synthetic_refinery;1713.00;0.00;1002.00;3.00;0
54;radar_station;1768.00;0.00;1007.00;0.00;0
54;nuclear_reactor;1738.00;0.00;1012.00;4.00;0
54;naval_base;1748.00;9.00;991.00;4.00;1955
54;coastal_bunker;1742.00;12.00;1016.00;3.00;0
54;dockyard;1737.00;10.00;976.00;-1.00;0
55;arms_factory;1951.00;0.00;724.00;3.00;0
55;industrial_complex;1945.00;0.00;750.00;1.00;0
55;air_base;1938.00;0.00;729.00;1.00;0
55;bunker;1971.00;0.00;705.00;-1.00;0
55;anti_air_building;1982.00;0.00;713.00;4.00;0
55;synthetic_refinery;1956.00;0.00;731.00;3.00;0
55;radar_station;1950.00;0.00;730.00;1.00;0
55;nuclear_reactor;1953.00;0.00;753.00;2.00;0
55;naval_base;1949.00;13.00;712.00;-1.00;2974
55;coastal_bunker;1949.00;9.00;712.00;1.00;0
55;dockyard;1949.00;10.00;712.00;-1.00;0
56;arms_factory;1756.00;0.00;1038.00;3.00;0
56;industrial_complex;1772.00;0.00;1039.00;3.00;0
56;air_base;1773.00;0.00;1027.00;2.00;0
56;bunker;1755.00;0.00;1030.00;4.00;0
56;anti_air_building;1769.00;0.00;1026.00;1.00;0
56;synthetic_refinery;1754.00;0.00;1034.00;2.00;0
56;radar_station;1763.00;0.00;1031.00;3.00;0
56;nuclear_reactor;1762.00;0.00;1040.00;2.00;0
57;arms_factory;1767.00;0.00;1014.00;3.00;0
57;industrial_complex;1784.00;0.00;1046.00;1.00;0
57;air_base;1818.00;0.00;1041.00;1.00;0
57;bunker;1807.00;0.00;1041.00;4.00;0
57;anti_air_building;1778.00;0.00;1047.00;0.00;0
57;synthetic_refinery;1785.00;0.00;1018.00;2.00;0
57;radar_station;1773.00;0.00;1021.00;0.00;0
57;nuclear_reactor;1796.00;0.00;1016.00;-1.00;0
58;arms_factory;2022.00;0.00;733.00;0.00;0
58;industrial_complex;1976.00;0.00;774.00;4.00;0
58;air_base;2011.00;0.00;725.00;-1.00;0
58;bunker;2010.00;0.00;761.00;4.00;0
58;anti_air_building;2009.00;0.00;729.00;0.00;0
58;synthetic_refinery;1989.00;0.00;774.00;3.00;0
58;radar_station;1971.00;0.00;774.00;3.00;0
58;nuclear_reactor;1994.00;0.00;746.00;-1.00;0
59;arms_factory;2177.00;0.00;752.00;3.00;0
59;industrial_complex;2158.00;0.00;721.00;0.00;0
59;air_base;2179.00;0.00;763.00;0.00;0
59;bunker;2180.00;0.00;736.00;4.00;0
59;anti_air_building;2188.00;0.00;736.00;1.00;0
59;synthetic_refinery;2184.00;0.00;723.00;-1.00;0
59;radar_station;2177.00;0.00;703.00;2.00;0
59;nuclear_reactor;2179.00;0.00;729.00;0.00;0
60;arms_factory;2446.00;0.00;711.00;4.00;0
60;industrial_complex;2466.00;0.00;705.00;2.00;0
60;air_base;2473.00;0.00;718.00;3.00;0
60;bunker;2442.00;0.00;706.00;2.00;0
60;anti_air_building;2484.00;0.00;719.00;3.00;0
60;synthetic_refinery;2459.00;0.00;704.00;3.00;0
60;radar_station;2482.00;0.00;689.00;1.00;0
60;nuclear_reactor;2489.00;0.00;704.00;2.00;0
61;arms_factory;2199.00;0.00;375.00;4.00;0
61;industrial_complex;2168.00;0.00;365.00;1.00;0
61;air_base;2137.00;0.00;367.00;4.00;0
61;bunker;2134.00;0.00;402.00;3.00;0
61;anti_air_building;2105.00;0.00;396.00;-1.00;0
61;synthetic_refinery;2172.00;0.00;354.00;-1.00;0
61;radar_station;2209.00;0.00;341.00;2.00;0
61;nuclear_reactor;2203.00;0.00;344.00;4.00;0
61;naval_base;2129.00;10.00;363.00;4.00;784
61;coastal_bunker;2103.00;13.00;409.00;1.00;0
61;dockyard;2195.00;14.00;380.00;1.00;0
62;arms_factory;1836.00;0.00;1062.00;4.00;0
62;industrial_complex;1806.00;0.00;1059.00;0.00;0
62;air_base;1859.00;0.00;1053.00;-1.00;0
62;bunker;1856.00;0.00;1057.00;2.00;0
62;anti_air_building;1864.00;0.00;1049.00;0.00;0
62;synthetic_refinery;1829.00;0.00;1047.00;0.00;0
62;radar_station;1841.00;0.00;1072.00;1.00;0
62;nuclear_reactor;1867.00;0.00;1051.00;0.00;0
63;arms_factory;2278.00;0.00;693.00;4.00;0
63;industrial_complex;2278.00;0.00;680.00;4.00;0
63;air_base;2300.00;0.00;676.00;4.00;0
63;bunker;2313.00;0.00;686.00;3.00;0
63;anti_air_building;2298.00;0.00;690.00;4.00;0
63;synthetic_refinery;2317.00;0.00;691.00;3.00;0
63;radar_station;2293.00;0.00;679.00;1.00;0
63;nuclear_reactor;2313.00;0.00;681.00;4.00;0
64;arms_factory;2470.00;0.00;799.00;3.00;0
64;industrial_complex;2458.00;0.00;796.00;-1.00;0
64;air_base;2464.00;0.00;787.00;1.00;0
64;bunker;2452.00;0.00;790.00;2.00;0
64;anti_air_building;2457.00;0.00;792.00;0.00;0
64;synthetic_refinery;2461.00;0.00;786.00;4.00;0
64;radar_station;2468.00;0.00;796.00;-1.00;0
64;nuclear_reactor;2457.00;0.00;796.00;3.00;0
65;arms_factory;2329.00;0.00;662.00;4.00;0
65;industrial_complex;2348.00;0.00;692.00;2.00;0
65;air_base;2372.00;0.00;693.00;2.00;0
65;bunker;2316.00;0.00;662.00;2.00;0
65;anti_air_building;2337.00;0.00;656.00;1.00;0
65;synthetic_refinery;2359.00;0.00;658.00;4.00;0
65;radar_station;2371.00;0.00;678.00;1.00;0
65;nuclear_reactor;2338.00;0.00;682.00;2.00;0
66;arms_factory;2273.00;0.00;677.00;-1.00;0
66;industrial_complex;2186.00;0.00;703.00;0.00;0
66;air_base;2272.00;0.00;695.00;1.00;0
66;bunker;2265.00;0.00;682.00;-1.00;0
66;anti_air_building;2216.00;0.00;713.00;0.00;0
66;synthetic_refinery;2266.00;0.00;686.00;1.00;0
66;radar_station;2220.00;0.00;710.00;4.00;0
66;nuclear_reactor;2255.00;0.00;706.00;3.00;0
67;arms_factory;1993.00;0.00;721.00;3.00;0
67;industrial_complex;2007.00;0.00;683.00;0.00;0
67;air_base;2011.00;0.00;669.00;-1.00;0
67;bunker;1987.00;0.00;722.00;4.00;0
67;anti_air_building;1987.00;0.00;704.00;2.00;0
67;synthetic_refinery;2052.00;0.00;623.00;2.00;0
67;radar_station;1984.00;0.00;683.00;-1.00;0
67;nuclear_reactor;2028.00;0.00;627.00;4.00;0
68;arms_factory;2695.00;0.00;660.00;3.00;0
68;industrial_complex;2655.00;0.00;641.00;-1.00;0
68;air_base;2698.00;0.00;649.00;3.00;0
68;bunker;2675.00;0.00;687.00;-1.00;0
68;anti_air_building;2656.00;0.00;680.00;-1.00;0
68;synthetic_refinery;2664.00;0.00;632.00;2.00;0
68;radar_station;2654.00;0.00;679.00;0.00;0
68;nuclear_reactor;2655.00;0.00;649.00;0.00;0
69;arms_factory;2069.00;0.00;512.00;3.00;0
69;industrial_complex;2085.00;0.00;523.00;3.00;0
69;air_base;2029.00;0.00;549.00;4.00;0
69;bunker;2085.00;0.00;486.00;-1.00;0
69;anti_air_building;2057.00;0.00;558.00;0.00;0
69;synthetic_refinery;2054.00;0.00;593.00;3.00;0
69;radar_station;2025.00;0.00;574.00;1.00;0
69;nuclear_reactor;2048.00;0.00;606.00;2.00;0
69;naval_base;2098.00;12.00;467.00;2.00;802
69;coastal_bunker;2031.00;9.00;525.00;4.00;0
69;dockyard;2098.00;11.00;467.00;2.00;0
70;arms_factory;2115.00;0.00;806.00;2.00;0
70;industrial_complex;2134.00;0.00;789.00;2.00;0
70;air_base;2143.00;0.00;829.00;0.00;0
70;bunker;2143.00;0.00;792.00;3.00;0
70;anti_air_building;2117.00;0.00;783.00;1.00;0
70;synthetic_refinery;2146.00;0.00;807.00;2.00;0
70;radar_station;2119.00;0.00;787.00;0.00;0
70;nuclear_reactor;2135.00;0.00;831.00;-1.00;0
71;arms_factory;1789.00;0.00;823.00;1.00;0
71;industrial_complex;1772.00;0.00;842.00;4.00;0
71;air_base;1810.00;0.00;855.00;4.00;0
71;bunker;1808.00;0.00;796.00;-1.00;0
71;anti_air_building;1823.00;0.00;818.00;2.00;0
71;synthetic_refinery;1811.00;0.00;783.00;3.00;0
71;radar_station;1796.00;0.00;843.00;1.00;0
71;nuclear_reactor;1803.00;0.00;796.00;1.00;0
71;naval_base;1786.00;11.00;819.00;3.00;2503
71;coastal_bunker;1796.00;12.00;787.00;2.00;0
71;dockyard;1796.00;9.00;787.00;1.00;0
72;arms_factory;1788.00;0.00;927.00;3.00;0
72;industrial_complex;1760.00;0.00;940.00;-1.00;0
72;air_base;1741.00;0.00;919.00;-1.00;0
72;bunker;1761.00;0.00;943.00;3.00;0
72;anti_air_building;1780.00;0.00;926.00;4.00;0
72;synthetic_refinery;1770.00;0.00;951.00;2.00;0
72;radar_station;1748.00;0.00;928.00;3.00;0
72;nuclear_reactor;1748.00;0.00;922.00;2.00;0
72;naval_base;1731.00;11.00;920.00;1.00;1068
72;coastal_bunker;1731.00;12.00;920.00;3.00;0
72;dockyard;1731.00;13.00;920.00;1.00;0
73;arms_factory;1971.00;0.00;801.00;2.00;0
73;industrial_complex;1902.00;0.00;762.00;3.00;0
73;air_base;1919.00;0.00;804.00;1.00;0
73;bunker;1915.00;0.00;772.00;4.00;0
73;anti_air_building;1899.00;0.00;763.00;3.00;0
73;synthetic_refinery;1918.00;0.00;763.00;-1.00;0
73;radar_station;1902.00;0.00;794.00;0.00;0
73;nuclear_reactor;1923.00;0.00;764.00;4.00;0
73;naval_base;1914.00;12.00;740.00;1.00;915
73;coastal_bunker;1914.00;13.00;740.00;2.00;0
73;dockyard;1914.00;12.00;740.00;1.00;0
74;arms_factory;2539.00;0.00;715.00;4.00;0
74;industrial_complex;2564.00;0.00;700.00;1.00;0
74;air_base;2523.00;0.00;660.00;2.00;0
74;bunker;2527.00;0.00;659.00;1.00;0
74;anti_air_building;2488.00;0.00;679.00;2.00;0
74;synthetic_refinery;2518.00;0.00;673.00;0.00;0
74;radar_station;2501.00;0.00;676.00;0.00;0
74;nuclear_reactor;2539.00;0.00;664.00;0.00;0
75;arms_factory;2308.00;0.00;652.00;1.00;0
75;industrial_complex;2291.00;0.00;654.00;4.00;0
75;air_base;2290.00;0.00;658.00;4.00;0
75;bunker;2299.00;0.00;653.00;2.00;0
75;anti_air_building;2294.00;0.00;669.00;-1.00;0
75;synthetic_refinery;2309.00;0.00;657.00;-1.00;0
75;radar_station;2309.00;0.00;651.00;1.00;0
75;nuclear_reactor;2285.00;0.00;660.00;0.00;0
76;arms_factory;2337.00;0.00;749.00;1.00;0
76;industrial_complex;2344.00;0.00;755.00;2.00;0
76;air_base;2371.00;0.00;758.00;4.00;0
76;bunker;2353.00;0.00;764.00;0.00;0
76;anti_air_building;2360.00;0.00;757.00;1.00;0
76;synthetic_refinery;2330.00;0.00;738.00;2.00;0
76;radar_station;2326.00;0.00;751.00;4.00;0
76;nuclear_reactor;2344.00;0.00;744.00;4.00;0
77;arms_factory;2165.00;0.00;657.00;2.00;0
77;industrial_complex;2144.00;0.00;709.00;4.00;0
77;air_base;2176.00;0.00;676.00;2.00;0
77;bunker;2175.00;0.00;696.00;4.00;0
77;anti_air_building;2141.00;0.00;644.00;1.00;0
77;synthetic_refinery;2215.00;0.00;676.00;-1.00;0
77;radar_station;2158.00;0.00;662.00;1.00;0
77;nuclear_reactor;2130.00;0.00;701.00;3.00;0
78;arms_factory;2355.00;0.00;767.00;-1.00;0
78;industrial_complex;2331.00;0.00;772.00;-1.00;0
78;air_base;2351.00;0.00;774.00;3.00;0
78;bunker;2303.00;0.00;756.00;-1.00;0
78;anti_air_building;2342.00;0.00;765.00;-1.00;0
78;synthetic_refinery;2343.00;0.00;773.00;4.00;0
78;radar_station;2332.00;0.00;762.00;-1.00;0
78;nuclear_reactor;2336.00;0.00;769.00;1.00;0
79;arms_factory;1657.00;0.00;1082.00;1.00;0
79;industrial_complex;1671.00;0.00;1087.00;3.00;0
79;air_base;1649.00;0.00;1079.00;-1.00;0
79;bunker;1654.00;0.00;1075.00;0.00;0
79;anti_air_building;1655.00;0.00;1088.00;3.00;0
79;synthetic_refinery;1657.00;0.00;1062.00;1.00;0
79;radar_station;1640.00;0.00;1078.00;4.00;0
79;nuclear_reactor;1647.00;0.00;1081.00;2.00;0
79;naval_base;1642.00;11.00;1060.00;-1.00;3068
79;coastal_bunker;1640.00;14.00;1078.00;3.00;0
79;dockyard;1640.00;14.00;1078.00;1.00;0
80;arms_factory;2410.00;0.00;624.00;4.00;0
80;industrial_complex;2389.00;0.00;623.00;2.00;0
80;air_base;2375.00;0.00;652.00;4.00;0
80;bunker;2401.00;0.00;637.00;3.00;0
80;anti_air_building;2411.00;0.00;650.00;0.00;0
80;synthetic_refinery;2377.00;0.00;650.00;0.00;0
80;radar_station;2389.00;0.00;629.00;-1.00;0
80;nuclear_reactor;2380.00;0.00;642.00;1.00;0
81;arms_factory;2607.00;0.00;942.00;-1.00;0
81;industrial_complex;2595.00;0.00;985.00;1.00;0
81;air_base;2606.00;0.00;1018.00;3.00;0
81;bunker;2603.00;0.00;945.00;4.00;0
81;anti_air_building;2629.00;0.00;1001.00;2.00;0
81;synthetic_refinery;2626.00;0.00;1010.00;3.00;0
81;radar_station;2626.00;0.00;1036.00;3.00;0
81;nuclear_reactor;2608.00;0.00;937.00;-1.00;0
82;arms_factory;2314.00;0.00;759.00;4.00;0
82;industrial_complex;2320.00;0.00;733.00;2.00;0
82;air_base;2316.00;0.00;765.00;-1.00;0
82;bunker;2299.00;0.00;738.00;0.00;0
82;anti_air_building;2301.00;0.00;734.00;1.00;0
82;synthetic_refinery;2305.00;0.00;743.00;2.00;0
82;radar_station;2303.00;0.00;743.00;-1.00;0
82;nuclear_reactor;2323.00;0.00;751.00;1.00;0
83;arms_factory;2334.00;0.00;727.00;3.00;0
83;industrial_complex;2322.00;0.00;723.00;-1.00;0
83;air_base;2338.00;0.00;728.00;1.00;0
83;bunker;2327.00;0.00;738.00;2.00;0
83;anti_air_building;2315.00;0.00;729.00;1.00;0
83;synthetic_refinery;2335.00;0.00;706.00;3.00;0
83;radar_station;2333.00;0.00;705.00;0.00;0
83;nuclear_reactor;2325.00;0.00;725.00;4.00;0
84;arms_factory;1831.00;0.00;861.00;2.00;0
84;industrial_complex;1816.00;0.00;862.00;1.00;0
84;air_base;1825.00;0.00;851.00;4.00;0
84;bunker;1820.00;0.00;856.00;1.00;0
84;anti_air_building;1813.00;0.00;856.00;0.00;0
84;synthetic_refinery;1831.00;0.00;849.00;0.00;0
84;radar_station;1832.00;0.00;860.00;-1.00;0
84;nuclear_reactor;1811.00;0.00;860.00;-1.00;0
85;arms_factory;2141.00;0.00;781.00;-1.00;0
85;industrial_complex;2137.00;0.00;764.00;1.00;0
85;air_base;2161.00;0.00;767.00;4.00;0
85;bunker;2163.00;0.00;754.00;0.00;0
85;anti_air_building;2144.00;0.00;751.00;0.00;0
85;synthetic_refinery;2144.00;0.00;786.00;4.00;0
85;radar_station;2167.00;0.00;767.00;4.00;0
85;nuclear_reactor;2170.00;0.00;771.00;-1.00;0
86;arms_factory;1845.00;0.00;797.00;4.00;0
86;industrial_complex;1845.00;0.00;795.00;2.00;0
86;air_base;1883.00;0.00;810.00;4.00;0
86;bunker;1835.00;0.00;798.00;4.00;0
86;anti_air_building;1850.00;0.00;792.00;1.00;0
86;synthetic_refinery;1838.00;0.00;794.00;2.00;0
86;radar_station;1877.00;0.00;803.00;-1.00;0
86;nuclear_reactor;1831.00;0.00;785.00;4.00;0
86;naval_base;1817.00;10.00;781.00;-1.00;948
86;coastal_bunker;1817.00;12.00;781.00;2.00;0
86;dockyard;1817.00;10.00;781.00;-1.00;0
87;arms_factory;1897.00;0.00;760.00;4.00;0
87;industrial_complex;1915.00;0.00;747.00;-1.00;0
87;air_base;1906.00;0.00;749.00;1.00;0
87;bunker;1905.00;0.00;753.00;4.00;0
87;anti_air_building;1888.00;0.00;756.00;0.00;0
87;synthetic_refinery;1903.00;0.00;757.00;1.00;0
87;radar_station;1897.00;0.00;769.00;0.00;0
87;nuclear_reactor;1898.00;0.00;754.00;4.00;0
87;naval_base;1893.00;10.00;756.00;1.00;2671
87;coastal_bunker;1893.00;12.00;756.00;3.00;0
87;dockyard;1893.00;11.00;756.00;-1.00;0
88;arms_factory;2514.00;0.00;1012.00;3.00;0
88;industrial_complex;2492.00;0.00;942.00;0.00;0
88;air_base;2533.00;0.00;986.00;0.00;0
88;bunker;2557.00;0.00;973.00;0.00;0
88;anti_air_building;2539.00;0.00;1003.00;1.00;0
88;synthetic_refinery;2537.00;0.00;996.00;0.00;0
88;radar_station;2493.00;0.00;983.00;2.00;0
88;nuclear_reactor;2535.00;0.00;986.00;1.00;0
89;arms_factory;1997.00;0.00;828.00;4.00;0
89;industrial_complex;1986.00;0.00;826.00;-1.00;0
89;air_base;1980.00;0.00;830.00;4.00;0
89;bunker;1986.00;0.00;833.00;1.00;0
89;anti_air_building;1996.00;0.00;839.00;3.00;0
89;synthetic_refinery;2002.00;0.00;822.00;2.00;0
89;radar_station;1995.00;0.00;835.00;3.00;0
89;nuclear_reactor;1985.00;0.00;842.00;4.00;0
90;arms_factory;2510.00;0.00;839.00;2.00;0
90;industrial_complex;2492.00;0.00;838.00;0.00;0
90;air_base;2500.00;0.00;832.00;0.00;0
90;bunker;2500.00;0.00;843.00;3.00;0
90;anti_air_building;2490.00;0.00;841.00;0.00;0
90;synthetic_refinery;2496.00;0.00;845.00;0.00;0
90;radar_station;2487.00;0.00;836.00;1.00;0
90;nuclear_reactor;2519.00;0.00;858.00;0.00;0
91;arms_factory;2079.00;0.00;661.00;2.00;0
91;industrial_complex;2077.00;0.00;656.00;2.00;0
91;air_base;2115.00;0.00;653.00;1.00;0
91;bunker;2123.00;0.00;685.00;1.00;0
91;anti_air_building;2109.00;0.00;632.00;0.00;0
91;synthetic_refinery;2102.00;0.00;637.00;0.00;0
91;radar_station;2080.00;0.00;634.00;2.00;0
91;nuclear_reactor;2133.00;0.00;625.00;0.00;0
91;naval_base;2088.00;10.00;629.00;2.00;866
91;coastal_bunker;2116.00;13.00;622.00;4.00;0
91;dockyard;2088.00;10.00;629.00;2.00;0
92;arms_factory;1966.00;0.00;662.00;-1.00;0
92;industrial_complex;2006.00;0.00;615.00;0.00;0
92;air_base;1997.00;0.00;609.00;1.00;0
92;bunker;1991.00;0.00;664.00;3.00;0
92;anti_air_building;1983.00;0.00;673.00;3.00;0
92;synthetic_refinery;2011.00;0.00;601.00;4.00;0
92;radar_station;2017.00;0.00;604.00;-1.00;0
92;nuclear_reactor;2008.00;0.00;623.00;1.00;0
92;naval_base;1977.00;9.00;642.00;3.00;860
92;coastal_bunker;2005.00;14.00;588.00;3.00;0
92;dockyard;1977.00;12.00;642.00;0.00;0
93;arms_factory;1979.00;0.00;815.00;4.00;0
93;industrial_complex;2012.00;0.00;820.00;2.00;0
93;air_base;1978.00;0.00;802.00;1.00;0
93;bunker;2016.00;0.00;805.00;3.00;0
93;anti_air_building;2001.00;0.00;806.00;4.00;0
93;synthetic_refinery;1997.00;0.00;810.00;-1.00;0
93;radar_station;1996.00;0.00;813.00;2.00;0
93;nuclear_reactor;1993.00;0.00;815.00;4.00;0
94;arms_factory;1855.00;0.00;1005.00;1.00;0
94;industrial_complex;1792.00;0.00;976.00;1.00;0
94;air_base;1850.00;0.00;1021.00;-1.00;0
94;bunker;1845.00;0.00;1019.00;3.00;0
94;anti_air_building;1818.00;0.00;989.00;3.00;0
94;synthetic_refinery;1841.00;0.00;970.00;4.00;0
94;radar_station;1858.00;0.00;1003.00;1.00;0
94;nuclear_reactor;1789.00;0.00;987.00;-1.00;0
95;arms_factory;2048.00;0.00;782.00;1.00;0
95;industrial_complex;2016.00;0.00;796.00;-1.00;0
95;air_base;2009.00;0.00;798.00;-1.00;0
95;bunker;2039.00;0.00;779.00;-1.00;0
95;anti_air_building;2013.00;0.00;795.00;-1.00;0
95;synthetic_refinery;2018.00;0.00;785.00;-1.00;0
95;radar_station;2040.00;0.00;782.00;-1.00;0
95;nuclear_reactor;2011.00;0.00;793.00;2.00;0
96;arms_factory;2026.00;0.00;809.00;-1.00;0
96;industrial_complex;2021.00;0.00;800.00;1.00;0
96;air_base;2022.00;0.00;816.00;3.00;0
96;bunker;2018.00;0.00;807.00;-1.00;0
96;anti_air_building;2024.00;0.00;797.00;2.00;0
96;synthetic_refinery;2016.00;0.00;809.00;-1.00;0
96;radar_station;2019.00;0.00;799.00;-1.00;0
96;nuclear_reactor;2033.00;0.00;814.00;2.00;0
97;arms_factory;2654.00;0.00;896.00;3.00;0
97;industrial_complex;2635.00;0.00;905.00;3.00;0
97;air_base;2648.00;0.00;899.00;0.00;0
97;bunker;2649.00;0.00;878.00;1.00;0
97;anti_air_building;2629.00;0.00;893.00;-1.00;0
97;synthetic_refinery;2651.00;0.00;890.00;2.00;0
97;radar_station;2616.00;0.00;879.00;-1.00;0
97;nuclear_reactor;2668.00;0.00;915.00;0.00;0
98;arms_factory;1848.00;0.00;841.00;4.00;0
98;industrial_complex;1841.00;0.00;872.00;0.00;0
98;air_base;1873.00;0.00;851.00;4.00;0
98;bunker;1856.00;0.00;836.00;-1.00;0
98;anti_air_building;1841.00;0.00;824.00;-1.00;0
98;synthetic_refinery;1870.00;0.00;832.00;4.00;0
98;radar_station;1851.00;0.00;855.00;4.00;0
98;nuclear_reactor;1841.00;0.00;873.00;-1.00;0
99;arms_factory;1887.00;0.00;882.00;1.00;0
99;industrial_complex;1900.00;0.00;850.00;1.00;0
99;air_base;1899.00;0.00;895.00;4.00;0
99;bunker;1889.00;0.00;888.00;2.00;0
99;anti_air_building;1909.00;0.00;842.00;1.00;0
99;synthetic_refinery;1908.00;0.00;894.00;-1.00;0
99;radar_station;1922.00;0.00;861.00;2.00;0
99;nuclear_reactor;1904.00;0.00;867.00;2.00;0
100;arms_factory;1771.00;0.00;1049.00;2.00;0
100;industrial_complex;1743.00;0.00;1084.00;0.00;0
100;air_base;1756.00;0.00;1072.00;4.00;0
100;bunker;1737.00;0.00;1044.00;-1.00;0
100;anti_air_building;1734.00;0.00;1079.00;1.00;0
100;synthetic_refinery;1720.00;0.00;1083.00;4.00;0
100;radar_station;1750.00;0.00;1070.00;3.00;0
100;nuclear_reactor;1780.00;0.00;1078.00;0.00;0
100;naval_base;1718.00;9.00;1079.00;1.00;2926
100;coastal_bunker;1727.00;13.00;1056.00;1.00;0
100;dockyard;1723.00;13.00;1066.00;0.00;0
101;arms_factory;1978.00;0.00;859.00;2.00;0
101;industrial_complex;1994.00;0.00;875.00;0.00;0
101;air_base;1960.00;0.00;853.00;0.00;0
101;bunker;1973.00;0.00;855.00;1.00;0
101;anti_air_building;1991.00;0.00;872.00;4.00;0
101;synthetic_refinery;1968.00;0.00;883.00;1.00;0
101;radar_station;1981.00;0.00;882.00;1.00;0
101;nuclear_reactor;1968.00;0.00;876.00;3.00;0
102;arms_factory;2387.00;0.00;589.00;2.00;0
102;industrial_complex;2389.00;0.00;611.00;1.00;0
102;air_base;2363.00;0.00;619.00;0.00;0
102;bunker;2358.00;0.00;610.00;0.00;0
102;anti_air_building;2358.00;0.00;614.00;0.00;0
102;synthetic_refinery;2373.00;0.00;588.00;4.00;0
102;radar_station;2370.00;0.00;609.00;-1.00;0
102;nuclear_reactor;2358.00;0.00;619.00;1.00;0
103;arms_factory;2608.00;0.00;686.00;-1.00;0
103;industrial_complex;2581.00;0.00;661.00;1.00;0
103;air_base;2561.00;0.00;683.00;1.00;0
103;bunker;2588.00;0.00;686.00;1.00;0
103;anti_air_building;2588.00;0.00;679.00;0.00;0
103;synthetic_refinery;2581.00;0.00;659.00;4.00;0
103;radar_station;2565.00;0.00;689.00;1.00;0
103;nuclear_reactor;2610.00;0.00;712.00;4.00;0
104;arms_factory;2517.00;0.00;838.00;1.00;0
104;industrial_complex;2528.00;0.00;852.00;4.00;0
104;air_base;2553.00;0.00;863.00;2.00;0
104;bunker;2525.00;0.00;862.00;2.00;0
104;anti_air_building;2509.00;0.00;867.00;2.00;0
104;synthetic_refinery;2527.00;0.00;852.00;-1.00;0
104;radar_station;2538.00;0.00;881.00;-1.00;0
104;nuclear_reactor;2541.00;0.00;879.00;2.00;0
105;arms_factory;2517.00;0.00;919.00;4.00;0
105;industrial_complex;2519.00;0.00;888.00;2.00;0
105;air_base;2557.00;0.00;873.00;2.00;0
105;bunker;2570.00;0.00;878.00;4.00;0
105;anti_air_building;2533.00;0.00;913.00;1.00;0
105;synthetic_refinery;2573.00;0.00;877.00;1.00;0
105;radar_station;2514.00;0.00;906.00;1.00;0
105;nuclear_reactor;2516.00;0.00;900.00;4.00;0
106;arms_factory;2001.00;0.00;846.00;0.00;0
106;industrial_complex;2000.00;0.00;851.00;0.00;0
106;air_base;2022.00;0.00;848.00;2.00;0
106;bunker;2006.00;0.00;843.00;4.00;0
106;anti_air_building;2015.00;0.00;836.00;0.00;0
106;synthetic_refinery;2016.00;0.00;843.00;3.00;0
106;radar_station;2004.00;0.00;863.00;4.00;0
106;nuclear_reactor;2013.00;0.00;850.00;4.00;0
107;arms_factory;1937.00;0.00;836.00;1.00;0
107;industrial_complex;1929.00;0.00;859.00;3.00;0
107;air_base;1943.00;0.00;826.00;1.00;0
107;bunker;1967.00;0.00;837.00;0.00;0
107;anti_air_building;1958.00;0.00;804.00;3.00;0
107;synthetic_refinery;1924.00;0.00;838.00;2.00;0
107;radar_station;1955.00;0.00;829.00;4.00;0
107;nuclear_reactor;1933.00;0.00;836.00;2.00;0
108;arms_factory;1850.00;0.00;774.00;-1.00;0
108;industrial_complex;1907.00;0.00;778.00;-1.00;0
108;air_base;1875.00;0.00;765.00;2.00;0
108;bunker;1869.00;0.00;775.00;2.00;0
108;anti_air_building;1871.00;0.00;759.00;3.00;0
108;synthetic_refinery;1866.00;0.00;790.00;3.00;0
108;radar_station;1883.00;0.00;760.00;3.00;0
108;nuclear_reactor;1895.00;0.00;776.00;0.00;0
108;naval_base;1846.00;9.00;776.00;1.00;937
108;coastal_bunker;1878.00;13.00;756.00;4.00;0
108;dockyard;1846.00;12.00;776.00;2.00;0
109;arms_factory;1788.00;0.00;905.00;3.00;0
109;industrial_complex;1773.00;0.00;893.00;4.00;0
109;air_base;1765.00;0.00;880.00;0.00;0
109;bunker;1739.00;0.00;886.00;2.00;0
109;anti_air_building;1799.00;0.00;857.00;4.00;0
109;synthetic_refinery;1757.00;0.00;887.00;1.00;0
109;radar_station;1770.00;0.00;896.00;4.00;0
109;nuclear_reactor;1761.00;0.00;919.00;2.00;0
109;naval_base;1732.00;14.00;894.00;4.00;1957
109;coastal_bunker;1745.00;9.00;875.00;4.00;0
109;dockyard;1732.00;10.00;894.00;4.00;0
110;arms_factory;1809.00;0.00;922.00;-1.00;0
110;industrial_complex;1814.00;0.00;919.00;2.00;0
110;air_base;1813.00;0.00;926.00;1.00;0
110;bunker;1817.00;0.00;918.00;4.00;0
110;anti_air_building;1817.00;0.00;923.00;2.00;0
110;synthetic_refinery;1807.00;0.00;923.00;4.00;0
110;radar_station;1817.00;0.00;923.00;3.00;0
110;nuclear_reactor;1811.00;0.00;921.00;2.00;0
111;arms_factory;1695.00;0.00;999.00;-1.00;0
111;industrial_complex;1751.00;0.00;1023.00;0.00;0
111;air_base;1710.00;0.00;1024.00;3.00;0
111;bunker;1725.00;0.00;1013.00;4.00;0
111;anti_air_building;1708.00;0.00;1042.00;4.00;0
111;synthetic_refinery;1691.00;0.00;1052.00;0.00;0
111;radar_station;1692.00;0.00;1032.00;2.00;0
111;nuclear_reactor;1694.00;0.00;997.00;0.00;0
111;naval_base;1665.00;14.00;1012.00;4.00;2511
111;coastal_bunker;1734.00;10.00;1031.00;-1.00;0
111;dockyard;1724.00;12.00;1054.00;0.00;0
112;arms_factory;1847.00;0.00;922.00;4.00;0
112;industrial_complex;1834.00;0.00;923.00;4.00;0
112;air_base;1840.00;0.00;919.00;0.00;0
112;bunker;1840.00;0.00;925.00;-1.00;0
112;anti_air_building;1852.00;0.00;917.00;-1.00;0
112;synthetic_refinery;1839.00;0.00;919.00;3.00;0
112;radar_station;1831.00;0.00;921.00;0.00;0
112;nuclear_reactor;1840.00;0.00;916.00;0.00;0
